0|0|1.80429e+09 8.46931e+08 |1.0252e+09 1.35049e+09 |
0|1|1.68169e+09 1.71464e+09 |7.83369e+08 1.10252e+09 |
0|2|1.95775e+09 4.24238e+08 |2.0449e+09 1.96751e+09 |
0|3|7.19885e+08 1.64976e+09 |1.36518e+09 1.54038e+09 |
0|4|5.96517e+08 1.18964e+09 |3.04089e+08 1.30346e+09 |
1|0|3.50052e+07 5.21595e+08 |1.10151e+09 1.80198e+09 |
1|1|2.94703e+08 1.72696e+09 |1.31563e+09 6.35723e+08 |
1|2|3.36466e+08 8.61022e+08 |1.36913e+09 1.1259e+09 |
1|3|2.78723e+08 2.33665e+08 |1.05996e+09 2.08902e+09 |
1|4|2.14517e+09 4.68703e+08 |6.28175e+08 1.65648e+09 |
2|0|1.13118e+09 1.65338e+09 |1.12957e+09 1.84804e+08 |
2|1|8.59484e+08 1.91454e+09 |4.12776e+08 1.42427e+09 |
2|2|6.08414e+08 7.56899e+08 |1.91176e+09 7.49242e+08 |
2|3|1.73458e+09 1.97359e+09 |1.37807e+08 4.29992e+07 |
2|4|1.49798e+08 2.03866e+09 |9.82907e+08 1.35497e+08 |
3|0|5.11702e+08 2.08442e+09 |1.14162e+09 8.43539e+07 |
3|1|1.93748e+09 1.82734e+09 |9.3982e+08 2.0011e+09 |
3|2|5.7266e+08 1.15913e+09 |1.9989e+09 1.54823e+09 |
3|3|8.05751e+08 1.63262e+09 |6.10515e+08 1.58599e+09 |
3|4|1.10066e+09 1.43393e+09 |1.37434e+09 7.60314e+08 |
4|0|1.47717e+09 3.56427e+08 |2.054e+09 1.2641e+09 |
4|1|9.45117e+08 1.88995e+09 |1.41155e+09 1.84399e+09 |
4|2|1.7807e+09 7.09394e+08 |9.43948e+08 1.98421e+09 |
4|3|4.91705e+08 1.9185e+09 |8.55636e+08 1.7497e+09 |
4|4|7.52393e+08 1.47461e+09 |1.46935e+09 1.9563e+09 |
